10 23 45 50 69
1 31 46 73 83
8 19 25 33 54

12 29 32 54 80
8 15 33 56 64
38 44 65 76 90

8 13 21 31 70
36 44 54 62 83
17 22 39 64 75

24 34 53 62 83
17 44 54 68 77
5 48 57 69 79

3 14 25 33 52
5 17 58 68 87
7 19 39 43 76

6 15 32 54 70
17 26 46 71 86
8 28 57 67 77

12 21 34 60 85
16 22 35 45 64
2 27 39 58 71

4 18 37 43 62
22 50 63 76 81
24 51 69 78 90

13 37 42 50 83
7 51 69 78 88
15 26 45 57 90

2 20 31 63 72
7 21 55 78 80
15 26 47 57 90

1 12 30 52 73
29 41 67 78 80
4 15 35 58 68

4 12 20 41 51
5 22 43 58 66
17 38 69 71 84

12 20 37 45 84
8 14 47 51 69
17 39 48 71 87

7 12 21 50 87
25 35 42 53 90
13 28 56 62 78

12 25 33 42 63
8 15 45 53 73
19 34 46 78 88

3 15 33 64 73
38 56 67 75 81
4 17 21 41 83

19 33 53 74 81
24 36 54 76 89
4 45 56 69 77

5 43 51 61 70
13 22 49 69 74
15 32 58 77 80

16 30 50 64 70
26 36 48 74 86
4 28 37 78 88

12 32 46 52 73
3 29 35 67 77
6 37 48 78 89